terms	posting lists
10--->[1)24) ]
103--->[5)16) ]
110--->[5)23) ]
12--->[5)20) ]
12月--->[4)16) ]
13--->[2)16) 6)8) ]
1407--->[6)19) ]
1500--->[2)46) ]
17--->[2)39) ]
1992--->[10)16) ]
1994--->[4)11) ]
1999--->[2)34) ]
20--->[2)28) ]
200--->[2)42) ]
2004--->[6)22) ]
2009--->[4)14) ]
2010--->[5)23) ]
2011--->[4)15) 5)23) 6)12) ]
2015--->[4)18) ]
2016--->[4)13) ]
2017--->[5)25) ]
2018--->[1)4) 8)22) 9)17) ]
21--->[4)22) ]
2300--->[2)12) ]
25--->[5)25) 8)13) ]
259--->[6)16) ]
26--->[1)9) 2)12) 10)18) ]
27--->[1)6) 3)21) 4)6) 5)20) 6)12) 7)17) 8)12) 9)20) ]
29--->[1)35) 4)24) 5)12) 9)17) ]
30--->[8)18) ]
300--->[2)43) 6)12) ]
3031--->[4)28) ]
3045--->[5)14) ]
31--->[1)8) ]
3205--->[4)27) ]
3500--->[5)12) ]
4月--->[1)50) 10)21) ]
5000--->[5)13) ]
5月--->[4)18) ]
6193--->[5)15) ]
65--->[10)17) ]
6月--->[5)11) ]
7月--->[1)8) 3)20) 5)19) 6)11) 7)15) 8)12) 9)19) 10)16) ]
8000--->[5)14) ]
81--->[5)24) ]
8月--->[1)11) ]
arf--->[1)23) ]
eas--->[1)22) ]
upolitics--->[4)10) ]
阿巴西--->[10)16) ]
癌症--->[10)17) ]
安徽省--->[4)15) ]
安徽省委--->[4)9) ]
安徽省信托投资公司--->[4)18) ]
案--->[4)8) 6)8) ]
巴基斯坦--->[1)19) 10)30) ]
巴基斯坦政府--->[10)10) ]
巴铁--->[10)8) ]
巴西--->[1)34) ]
把关--->[8)19) ]
白恩培--->[4)6) ]
败坏--->[4)28) ]
般--->[10)18) ]
板球--->[10)13) ]
办公厅--->[8)5) ]
包机--->[2)8) ]
包机来--->[2)9) ]
包括--->[5)19) ]
包容--->[1)44) ]
保持良好--->[3)24) ]
保持稳定--->[1)31) ]
保护主义--->[1)39) 3)33) ]
保障--->[7)35) ]
保证--->[2)44) ]
报酬--->[5)17) ]
报道--->[1)26) 2)14) 3)19) 9)16) 10)19) ]
暴露出--->[8)10) ]
爆炸--->[8)6) ]
北京--->[5)21) 7)14) ]
背景--->[1)27) ]
倍--->[2)40) ]
被罚--->[6)10) ]
被告人--->[4)16) 6)13) ]
被判--->[4)9) ]
本次--->[5)15) ]
本国--->[1)32) 9)13) ]
币--->[6)18) ]
避税--->[5)23) ]
边际--->[5)14) ]
便利--->[4)14) 6)13) ]
便利化--->[1)42) ]
变动--->[5)21) ]
变心--->[10)8) ]
标签--->[10)16) ]
标题--->[1)2) 2)2) 3)2) 4)2) 5)2) 6)2) 7)2) 8)2) 9)2) 10)2) ]
标准--->[5)21) 7)22) ]
标准化--->[5)25) ]
表态--->[10)18) ]
别有用心--->[10)11) ]
并处--->[6)11) ]
博鳌--->[1)23) ]
补贴--->[4)18) ]
不动--->[2)39) ]
不强--->[8)13) ]
不确定性--->[1)26) ]
不严--->[8)20) ]
不在--->[2)18) ]
不准--->[8)18) ]
步--->[5)25) 7)28) ]
部--->[8)16) ]
部门--->[7)39) 8)26) ]
部署--->[7)27) ]
财经委--->[6)18) ]
财税--->[5)32) ]
财物--->[4)17) 6)16) ]
财政部--->[5)12) ]
财政学--->[5)26) ]
财政资金--->[4)20) ]
采取有效--->[8)13) ]
采收--->[2)43) ]
参考--->[5)18) 10)29) ]
残留--->[8)23) ]
草案--->[5)18) ]
测算--->[5)17) ]
查明--->[6)21) ]
查找--->[7)36) ]
差异--->[5)33) ]
拆除--->[8)17) ]
产量--->[2)37) ]
场--->[7)15) ]
常委--->[4)4) 7)21) ]
常务--->[4)6) ]
常住人口--->[5)14) ]
长达--->[5)19) ]
长平--->[5)22) ]
长期--->[2)5) 4)22) ]
倡议--->[1)39) ]
超--->[4)11) ]
超过--->[5)19) ]
陈家记--->[6)10) ]
陈树隆--->[4)14) ]
陈树堂--->[4)14) ]
称--->[1)23) 5)36) 9)6) 10)17) ]
称赞--->[10)15) ]
城镇--->[5)16) ]
城镇居民--->[5)18) ]
城镇职工--->[5)15) ]
成本--->[5)14) ]
成果--->[1)31) ]
成交--->[4)18) ]
成立--->[1)27) ]
成员--->[1)44) 7)17) ]
程序--->[5)25) ]
诚信--->[7)36) ]
承诺--->[1)41) 10)18) ]
承认--->[10)13) ]
吃--->[4)11) ]
吃饭--->[5)14) ]
充分发挥--->[7)15) ]
充满--->[1)24) ]
初步--->[10)7) ]
出让--->[4)21) ]
出让金--->[4)20) ]
出身--->[10)12) ]
出席--->[1)22) ]
出席会议--->[7)38) ]
处置--->[8)18) ]
传达--->[1)26) ]
传递--->[10)24) ]
创下--->[4)7) ]
创新--->[7)25) ]
创造--->[1)41) 3)26) 10)26) ]
创造力--->[7)23) ]
次--->[1)27) ]
措施--->[7)20) 8)15) ]
达成--->[1)30) ]
答--->[1)35) 3)19) ]
答案--->[5)16) ]
打出--->[10)18) ]
打工--->[2)11) ]
打造--->[7)17) ]
大病--->[5)16) ]
大幅度--->[10)19) ]
大官--->[4)20) ]
大好--->[2)22) ]
大陆--->[2)16) ]
大肆--->[4)21) ]
大选--->[1)28) 9)7) 10)11) ]
大增--->[2)42) ]
带病--->[8)18) ]
带动--->[10)24) ]
带来--->[1)48) ]
带领--->[10)13) ]
带入--->[4)28) ]
带上来--->[2)22) ]
代表--->[1)30) ]
贷款--->[4)20) ]
担任--->[4)14) 6)9) ]
担忧--->[10)10) ]
单边主义--->[1)37) 3)34) ]
单独--->[5)29) ]
单身--->[5)28) ]
单位--->[5)21) ]
当日--->[4)11) ]
当选--->[1)34) 9)11) 10)12) ]
党--->[1)20) 7)21) ]
党内--->[4)29) ]
刀刃--->[7)14) ]
导向--->[7)17) ]
导致--->[4)17) 5)18) ]
道--->[10)16) ]
道德上--->[4)27) ]
道路--->[1)42) 9)16) ]
德--->[3)15) ]
德国--->[3)7) ]
德政府--->[3)14) ]
等于--->[5)16) ]
低--->[5)11) ]
低薪--->[2)7) ]
低于--->[5)15) ]
地方--->[5)22) ]
地区--->[1)35) 10)29) ]
地位--->[1)40) ]
第一--->[4)14) 5)24) 10)24) ]
弟弟--->[4)13) ]
点--->[10)23) ]
电视电话会议--->[7)11) ]
电视讲话--->[1)34) ]
电讯报--->[10)23) ]
调节--->[5)24) ]
调整--->[5)10) 10)20) ]
东盟--->[1)27) ]
东盟地区--->[1)21) ]
东亚--->[1)21) ]
斗争--->[10)17) ]
都会--->[10)11) ]
都让人--->[4)13) ]
督查--->[7)33) ]
督促--->[7)15) ]
堵点--->[7)24) ]
杜莉--->[5)27) ]
短缺--->[10)28) ]
队--->[10)13) ]
队长--->[10)12) ]
对此--->[1)35) 3)18) 9)16) 10)14) ]
对华--->[1)48) ]
对华关系--->[1)42) ]
对华政策--->[10)13) ]
多边--->[1)35) 3)13) ]
多边贸易--->[1)38) ]
多元--->[5)27) ]
多种--->[5)21) ]
俄罗斯--->[1)36) ]
额--->[5)18) ]
额度--->[5)23) ]
恶劣--->[8)19) ]
恶势力--->[10)16) ]
发表--->[1)33) 10)20) ]
发出--->[1)39) ]
发大财--->[4)21) ]
发电能力--->[10)29) ]
发挥--->[1)43) 3)30) 7)25) 9)17) ]
发生--->[8)13) ]
发现--->[5)30) ]
发言人--->[1)9) 3)18) 9)23) 10)13) ]
发展--->[1)49) 4)16) 9)16) 10)24) ]
发展势头--->[3)25) ]
发展中国家--->[1)32) ]
发自内心--->[10)18) ]
罚金--->[6)12) ]
法律--->[7)32) ]
法庭--->[4)12) 6)18) ]
法庭上--->[4)11) ]
法院--->[6)20) ]
反--->[2)19) ]
反对--->[1)37) ]
反腐--->[1)28) ]
反腐败--->[10)18) ]
返还--->[4)18) ]
犯罪事实--->[6)13) ]
方法--->[7)33) ]
方式--->[5)13) 7)26) ]
方向--->[1)38) ]
房贷--->[5)13) ]
防范--->[8)15) ]
防范措施--->[8)22) ]
访--->[1)26) ]
访华--->[1)44) ]
访问--->[1)13) ]
放--->[7)15) ]
菲尔德--->[3)8) ]
非--->[5)16) ]
非法--->[4)17) 6)21) ]
非歧视--->[1)41) ]
非同寻常--->[10)18) ]
飞机--->[3)10) ]
废弃--->[8)16) ]
废弃物--->[8)16) ]
费用--->[5)18) ]
分--->[8)19) ]
分类--->[7)18) ]
分析--->[2)37) 10)14) ]
纷纷--->[10)24) ]
峰会--->[1)22) ]
风险--->[1)33) 8)20) ]
风险意识--->[8)12) ]
佛山市中级人民法院--->[6)16) ]
否--->[10)9) ]
否决--->[3)6) ]
夫妻--->[5)28) ]
符合--->[1)31) 9)12) ]
符合条件--->[2)46) ]
服务--->[7)16) ]
服务型--->[7)22) ]
服务中心--->[4)16) ]
抚育--->[5)20) ]
腐败--->[10)14) ]
赴--->[2)14) 3)10) ]
副省长--->[4)6) ]
副市长--->[4)21) ]
副总理--->[7)6) ]
副组长--->[7)16) ]
复产--->[8)20) ]
复旦大学经济学院--->[5)26) ]
复杂多变--->[1)30) ]
负担--->[5)16) ]
负责同志--->[7)38) ]
富有成效--->[1)34) ]
附加--->[5)12) ]
改变--->[10)18) ]
改成--->[2)11) ]
改革--->[7)19) ]
改善--->[7)21) 10)26) ]
感受--->[7)19) ]
感受到--->[7)22) ]
感言--->[10)18) ]
岗位--->[4)15) ]
港币--->[6)15) ]
高--->[5)15) ]
高达--->[2)40) 4)5) ]
高度评价--->[1)36) ]
高水平--->[3)29) ]
高温--->[8)17) ]
稿酬--->[5)18) ]
革新--->[7)17) ]
个人所得税法--->[5)14) ]
个税--->[5)14) ]
个税法--->[5)12) ]
各地区--->[8)19) ]
各类--->[8)24) ]
各项--->[5)18) ]
各项改革--->[7)27) ]
给出--->[5)15) ]
给予--->[1)14) 4)17) 6)15) 9)9) ]
根据地--->[10)16) ]
更大--->[1)42) 5)24) 10)23) ]
更好--->[1)32) 7)24) ]
更是--->[10)20) ]
耿爽--->[1)10) 3)19) 9)25) 10)14) ]
工--->[2)26) 8)17) ]
工程--->[10)26) ]
工房--->[8)17) ]
工人--->[2)47) ]
工资--->[2)38) 5)14) ]
工作--->[2)14) 5)24) 7)32) 8)20) ]
供述--->[6)12) ]
公安部--->[8)5) ]
公布--->[5)13) ]
公开--->[4)13) 6)9) 7)17) 10)17) ]
公路--->[10)18) ]
公平--->[3)27) ]
公平性--->[5)22) ]
公司--->[3)10) 5)23) ]
公众--->[5)18) ]
共计--->[4)25) 6)17) ]
共识--->[1)32) ]
共赢--->[1)37) ]
沟通--->[1)31) ]
股票--->[4)16) ]
固定--->[5)21) ]
关闭--->[8)15) ]
关系--->[1)29) 10)23) ]
关心--->[1)34) ]
关注--->[1)36) 3)19) 5)17) ]
官方--->[8)7) ]
官网--->[4)18) ]
观看--->[10)32) ]
管服--->[7)16) ]
管理--->[2)18) 4)23) 8)15) ]
管理部--->[8)17) ]
管理混乱--->[8)11) ]
贯彻--->[7)15) ]
贯彻落实--->[7)24) ]
广东--->[6)3) ]
广东省--->[6)15) ]
广东省人大--->[6)17) ]
广丰区--->[8)22) ]
规--->[8)22) ]
规范--->[4)18) 7)23) ]
规则--->[1)39) 7)30) ]
桂强--->[3)32) 5)25) 7)41) 8)33) 9)21) 10)25) ]
国--->[1)50) 3)28) 10)33) ]
国和--->[1)46) ]
国会--->[1)26) 9)7) ]
国际--->[1)35) 9)10) ]
国际形势--->[1)23) ]
国家--->[1)35) 4)7) 9)10) ]
国家安全监管总局--->[8)3) ]
国家电网--->[10)28) ]
国民--->[1)36) ]
国内--->[10)21) ]
国情--->[1)33) 9)14) ]
国务委员--->[1)28) 7)22) ]
国务院--->[7)7) ]
国务院办公厅--->[4)17) ]
国有土地--->[4)19) ]
国债--->[4)15) ]
果--->[2)40) ]
过程--->[1)12) 4)19) 9)7) ]
过度--->[1)35) 9)11) ]
过渡--->[1)30) ]
孩子--->[5)22) ]
海--->[3)9) ]
海南--->[2)12) ]
海南省--->[2)28) ]
韩--->[7)3) ]
韩洁--->[7)19) ]
韩正--->[7)17) ]
涵盖--->[5)11) ]
汗--->[1)35) 10)22) ]
核--->[3)11) ]
核心--->[1)39) ]
合肥市--->[4)20) ]
合适--->[5)21) ]
合在一起--->[5)23) ]
合作--->[1)36) ]
合作伙伴--->[1)27) 10)35) ]
黑马--->[10)20) ]
很大--->[5)16) ]
很好--->[1)44) ]
洪森--->[1)34) 9)11) ]
红利--->[10)28) ]
呼声--->[5)14) 7)19) ]
呼吁--->[1)41) ]
互利--->[1)35) ]
互利合作--->[3)30) ]
互联网--->[2)20) 5)22) 7)11) ]
花炮--->[8)8) ]
花炮厂--->[8)4) ]
花销--->[5)22) ]
话语权--->[5)5) ]
环境--->[1)32) 3)27) 7)20) ]
环球网--->[9)14) ]
黄--->[2)35) ]
回应--->[1)35) 3)17) 5)19) 7)17) 9)15) ]
会见--->[1)26) ]
会上--->[10)22) ]
会晤--->[1)33) ]
活动--->[4)20) ]
活力--->[7)22) ]
伙伴--->[10)25) ]
获--->[6)6) ]
获利--->[4)18) ]
获胜--->[10)17) ]
基层--->[7)35) ]
基础上--->[5)15) ]
基础设施--->[10)26) ]
基石--->[10)37) ]
机会--->[10)17) ]
机器--->[2)12) ]
机遇--->[1)43) ]
积极参与--->[1)31) ]
激动--->[10)21) ]
激发--->[7)30) ]
集团--->[3)10) ]
急需--->[10)24) ]
级距--->[5)23) ]
技术--->[2)16) ]
计算--->[5)24) ]
计算公式--->[5)17) ]
记者--->[7)18) 9)28) 10)21) ]
记者会--->[1)13) 3)25) 9)27) ]
继续教育--->[5)15) ]
家--->[5)21) ]
家庭--->[5)21) ]
加--->[5)19) ]
加剧--->[3)35) ]
加快--->[7)15) ]
加强团结--->[1)31) ]
加总--->[5)17) ]
价值观--->[4)17) ]
监管--->[7)30) ]
监禁--->[4)13) ]
监狱--->[4)8) ]
坚定--->[1)39) 10)12) ]
兼--->[1)24) ]
兼任--->[1)28) ]
检查--->[8)23) ]
检方--->[4)14) ]
柬埔寨--->[1)29) 9)10) ]
简便--->[5)12) ]
简单--->[5)26) ]
简政放权--->[7)29) ]
减免--->[5)19) ]
减贫--->[1)29) ]
减税--->[5)22) ]
健康--->[7)24) ]
健全--->[7)34) ]
建立--->[1)49) 7)34) 10)16) ]
建设--->[1)31) 4)9) 7)20) 10)22) ]
建设性--->[1)44) 9)18) ]
建言--->[5)34) ]
建议--->[5)10) 7)21) ]
江西--->[8)4) ]
江西省--->[8)20) ]
讲--->[5)25) ]
降低--->[5)25) ]
焦点--->[5)32) ]
交给--->[5)6) ]
交好--->[10)25) ]
交换--->[1)45) ]
交换意见--->[1)36) ]
交往--->[1)27) ]
交易--->[4)12) ]
角度--->[5)24) ]
教授--->[2)9) 5)31) ]
教训--->[8)11) ]
教育--->[5)19) ]
教育费--->[5)11) ]
较大--->[8)11) ]
揭晓--->[10)8) ]
接单--->[2)38) ]
接续--->[1)48) ]
阶层--->[5)24) ]
截图--->[10)20) ]
节--->[2)41) ]
结束--->[5)20) ]
解决--->[2)13) 7)32) ]
解决方案--->[2)9) ]
借鉴--->[1)33) ]
介绍--->[1)32) 10)18) ]
金额--->[4)19) ]
金色--->[1)29) ]
金砖--->[1)30) ]
今日--->[8)17) ]
紧紧围绕--->[7)18) ]
进一步--->[1)30) 5)17) ]
进一步提高--->[5)14) ]
晋升--->[4)15) ]
近期--->[3)26) 5)26) ]
近日--->[5)24) ]
惊--->[4)13) ]
精神--->[7)24) ]
精准--->[7)20) ]
经济--->[1)35) 3)10) 4)25) 5)23) 10)16) ]
经济发展--->[3)28) ]
经济损失--->[4)8) ]
经济体--->[3)9) ]
经商--->[4)18) ]
经纬--->[5)27) ]
经验--->[5)16) ]
竞选--->[10)16) ]
就业--->[3)29) 5)20) ]
就业机会--->[10)27) ]
就业人口--->[5)15) ]
就业者--->[5)13) ]
就中--->[1)36) ]
居民消费--->[5)21) ]
局面--->[10)29) ]
举措--->[1)47) 7)17) ]
举行会谈--->[1)25) ]
举一反三--->[8)12) ]
聚焦--->[7)22) ]
巨额--->[4)23) ]
攫取--->[4)22) ]
决策程序--->[4)16) ]
决定性--->[7)22) ]
决心--->[10)19) ]
军方--->[10)20) ]
俊马--->[8)7) ]
卡迪尔--->[10)18) ]
开发--->[4)18) ]
开放--->[1)43) 3)25) ]
开放型--->[1)31) 3)13) ]
开启--->[1)28) ]
开庭--->[4)11) ]
开庭审理--->[4)14) ]
刊发--->[10)12) ]
看待--->[3)16) ]
考虑到--->[5)31) ]
科--->[5)27) ]
科学合理--->[5)26) ]
可持续--->[7)25) ]
可能会--->[5)17) ]
克--->[1)32) ]
客观--->[3)15) ]
客户端--->[6)10) ]
扣--->[5)18) ]
扣除--->[5)22) ]
扣除额--->[5)26) ]
苦--->[2)27) ]
库房--->[8)18) ]
宽--->[5)14) ]
框架--->[1)40) 3)30) ]
困境--->[2)9) ]
拉马福萨--->[1)33) ]
莱--->[3)7) ]
来华--->[1)43) ]
来源--->[5)20) 6)22) ]
滥用职权--->[4)10) ]
劳务--->[5)16) ]
牢固--->[10)20) ]
老虎--->[4)9) ]
老人--->[5)21) ]
雷雨--->[8)18) ]
累计--->[4)17) ]
类--->[5)18) ]
类似--->[8)16) ]
李克强--->[1)44) ]
李显龙--->[1)37) ]
李炜光--->[5)31) ]
莉--->[1)27) ]
荔枝--->[2)42) ]
历次--->[5)10) ]
历经--->[4)14) ]
利息--->[5)19) ]
利益--->[1)50) 4)25) 6)20) ]
利用--->[2)18) 4)12) 6)11) ]
利用职权--->[4)23) ]
例外--->[5)16) ]
例行--->[1)12) 3)24) 9)26) 10)20) ]
联合--->[5)28) ]
联名--->[5)33) ]
莲雾--->[2)36) ]
敛财--->[4)5) ]
两--->[1)48) 3)27) 10)32) ]
两方--->[5)10) ]
两国关系--->[1)45) ]
两国间--->[10)18) ]
两国人民--->[1)47) 10)17) ]
量--->[2)39) ]
量刑--->[6)14) ]
亮点--->[5)15) ]
列席会议--->[7)39) ]
临时工--->[2)13) ]
邻邦--->[1)25) ]
邻国--->[10)33) ]
零部件--->[3)13) ]
领导人--->[1)32) ]
留言--->[10)27) ]
陆--->[2)15) ]
轮值--->[1)26) ]
论坛--->[1)23) ]
落幕--->[10)8) ]
落实--->[1)28) 7)34) 8)21) ]
玛--->[1)28) ]
马--->[1)25) ]
马方--->[1)28) ]
马哈蒂尔--->[1)27) ]
马来西亚--->[1)19) ]
买入--->[4)18) ]
卖--->[2)38) ]
卖不掉--->[2)19) ]
迈向--->[3)21) ]
贸易--->[1)39) ]
梅--->[10)19) ]
梅尔--->[1)35) ]
媒体--->[10)12) ]
媒体报道--->[3)5) ]
每次--->[5)17) ]
每日--->[2)37) 10)22) ]
每月--->[5)14) ]
美国--->[10)10) ]
美元--->[6)16) ]
蒙--->[10)20) ]
孟亚旭--->[4)11) ]
秘书长--->[4)6) ]
免征--->[5)17) ]
面--->[5)11) ]
面对--->[1)29) 3)32) ]
面积--->[2)15) ]
民众--->[5)28) 10)23) ]
敏感期--->[4)16) ]
明星--->[10)11) ]
名--->[10)21) ]
模式--->[10)23) ]
莫迪--->[1)38) ]
谋取--->[6)19) ]
目标--->[7)16) ]
拿出--->[4)12) ]
纳入--->[5)26) ]
纳税人--->[5)18) ]
南方--->[6)9) ]
南非--->[1)31) 6)17) ]
南华早报--->[10)17) ]
内幕--->[4)16) ]
内容--->[3)19) 5)17) ]
内政--->[1)27) 9)8) ]
能力--->[7)15) ]
能源--->[10)27) ]
拟--->[2)7) 3)7) 8)11) ]
年--->[1)5) 2)36) 4)19) 5)27) 6)12) 8)23) 9)18) 10)17) ]
年会--->[1)5) ]
聂日明--->[5)14) ]
凝聚力--->[1)35) ]
扭曲--->[4)18) ]
农工--->[2)8) ]
农民--->[2)14) ]
农业--->[2)18) ]
努力--->[1)40) 10)29) ]
努力学习--->[1)32) ]
女士--->[5)23) ]
排查--->[8)20) ]
派--->[1)41) ]
攀附--->[4)32) ]
攀升--->[2)42) ]
判处--->[6)12) ]
判决--->[6)21) ]
培训--->[7)17) ]
批--->[10)20) ]
批评--->[1)36) 2)14) 9)13) ]
贫困--->[10)28) ]
平衡--->[1)46) ]
平均工资--->[5)21) ]
评--->[2)10) ]
评价--->[1)30) ]
评论--->[1)36) 3)18) ]
评判--->[7)20) ]
普遍认为--->[10)16) ]
普惠--->[1)45) ]
普惠制--->[5)29) ]
普京--->[1)35) ]
期待--->[1)49) 5)21) ]
期间--->[1)26) 4)7) 6)9) ]
妻儿--->[6)14) ]
妻子--->[4)11) ]
其三--->[4)15) ]
旗号--->[10)19) ]
旗帜鲜明--->[1)43) ]
起征点--->[5)23) ]
企--->[3)14) ]
企业--->[2)30) 3)9) 4)17) 7)20) 8)17) ]
企业所得税--->[5)27) ]
气象预报--->[8)20) ]
汽车--->[3)10) ]
钱款--->[6)16) ]
前--->[10)10) ]
强--->[2)21) ]
强化--->[7)32) 8)20) ]
强有力--->[10)21) ]
抢--->[2)45) ]
切实--->[8)19) ]
青年--->[2)7) ]
清理--->[8)22) ]
清远市--->[6)6) ]
情比金坚--->[10)34) ]
情况--->[1)22) 5)19) 7)37) 8)9) ]
情况下--->[5)15) ]
请--->[1)25) ]
请到--->[2)45) ]
穷人--->[10)19) ]
区域合作--->[1)29) ]
渠道--->[7)39) ]
取代--->[2)13) ]
去年--->[4)17) ]
全方位--->[1)51) ]
全国--->[5)28) 7)25) ]
全家人--->[5)22) ]
全球化--->[1)35) ]
全社会--->[7)22) ]
全体会议--->[7)13) ]
全天候--->[10)33) ]
缺--->[2)25) ]
确保--->[7)26) ]
群众--->[7)20) 10)21) ]
燃爆--->[8)12) ]
热带--->[2)36) ]
热点--->[3)27) ]
人大--->[5)24) ]
人工--->[2)43) ]
人工成本--->[2)41) ]
人均--->[5)13) ]
人口--->[2)19) ]
人力--->[2)10) ]
人民币--->[2)43) 4)27) 5)12) 6)18) ]
人民满意--->[7)21) ]
人民日报--->[4)16) ]
人民政府--->[8)25) ]
人生观--->[4)16) ]
人士--->[10)15) ]
人头--->[5)21) ]
人员--->[4)16) 5)21) 8)30) ]
日--->[1)16) 2)13) 3)22) 4)7) 5)14) 6)13) 7)18) 8)14) 9)23) 10)19) ]
日产--->[2)35) ]
日常--->[8)11) ]
日电--->[7)17) 8)13) ]
融资--->[4)19) ]
如实--->[6)11) ]
如数家珍--->[10)17) ]
入股--->[4)22) ]
入口--->[10)31) ]
赛夫丁--->[1)18) ]
扫除--->[10)13) ]
擅自决定--->[4)18) ]
赡养--->[5)20) ]
赡养费--->[5)12) ]
善后工作--->[8)17) ]
商品交换--->[4)26) ]
上调--->[5)17) ]
上海金融与法律研究院--->[5)11) ]
上缴国库--->[6)18) ]
上饶--->[8)5) ]
上饶市--->[8)21) ]
上台--->[10)18) ]
上午--->[6)14) 8)15) ]
上周--->[1)40) ]
摄--->[5)28) ]
涉--->[4)13) 8)18) ]
涉嫌--->[4)9) ]
社--->[2)11) ]
社会--->[1)34) 5)15) 7)35) 9)11) ]
社交--->[10)25) ]
设备--->[3)12) 4)17) ]
设计--->[5)13) ]
设为--->[5)7) ]
设在--->[5)17) ]
设置--->[5)27) ]
申报--->[5)29) ]
深厚--->[10)19) ]
深化--->[1)32) 7)28) ]
深刻--->[8)20) ]
审理--->[6)20) ]
审议--->[7)25) ]
生产--->[3)9) 8)19) ]
生活--->[1)29) 4)31) 5)13) 9)10) 10)26) ]
生涯--->[10)20) ]
生意--->[2)21) ]
胜--->[10)23) ]
失业问题--->[2)8) ]
施--->[5)30) ]
施策--->[7)21) ]
十--->[1)27) ]
十九--->[7)22) ]
十三--->[6)9) ]
时--->[1)35) 6)15) 8)20) 10)34) ]
时间--->[4)21) 10)14) ]
时艰--->[1)33) ]
时期--->[2)44) ]
实施--->[7)14) ]
实实在在--->[1)49) 7)35) ]
使用费--->[5)19) ]
使用权--->[4)20) ]
世界--->[1)32) 3)9) 10)23) ]
世界杯--->[10)18) ]
世界观--->[4)15) ]
世界贸易组织--->[1)37) ]
世贸组织--->[1)37) ]
事--->[7)26) 10)37) ]
事故--->[8)12) ]
事后--->[7)23) ]
事实上--->[10)32) ]
事项--->[5)23) ]
市场--->[1)34) 2)17) 7)22) ]
市场准入--->[3)26) ]
市长--->[4)23) 6)7) ]
市委书记--->[6)8) ]
视界--->[10)3) ]
视频--->[10)30) ]
收--->[2)39) ]
收到--->[5)18) ]
收购--->[3)7) ]
收购案--->[3)9) ]
收获--->[10)18) ]
收钱--->[4)11) ]
收入--->[5)23) ]
收入水平--->[5)32) ]
收受--->[4)15) 6)15) ]
收支--->[4)22) ]
手段--->[5)22) 7)15) ]
首次--->[1)6) 3)15) 5)16) 10)16) ]
首席--->[5)28) ]
受--->[5)14) ]
受欢迎--->[10)20) ]
受贿--->[4)8) 6)7) ]
受贿罪--->[4)10) 6)12) ]
梳理--->[5)25) ]
书记--->[4)8) 6)4) ]
数额--->[4)6) 6)17) ]
数据--->[5)14) 7)12) ]
数量--->[5)22) ]
双--->[7)15) ]
双边关系--->[1)27) ]
双向--->[3)23) ]
水电费--->[5)15) ]
水果--->[2)18) ]
水平--->[5)24) ]
税基--->[5)15) ]
税率--->[5)25) ]
税收--->[5)27) ]
顺利--->[1)28) 9)9) ]
顺利完成--->[1)20) ]
说--->[2)38) 10)18) ]
说法--->[5)13) ]
思路--->[1)46) ]
思想--->[7)20) ]
私营--->[5)18) ]
死--->[8)6) ]
死缓--->[4)10) ]
死亡--->[8)13) ]
苏--->[5)22) ]
苏女士--->[5)29) ]
算--->[5)13) ]
随机--->[7)16) ]
岁--->[10)18) ]
遂--->[6)19) ]
隧道--->[10)30) ]
损失--->[4)9) ]
所长--->[5)26) ]
所处--->[10)28) ]
所得--->[5)16) 6)15) ]
台--->[3)8) ]
台青--->[2)10) ]
台商--->[2)10) ]
台湾--->[2)13) ]
台湾水果--->[2)14) ]
台资--->[2)29) ]
太低--->[2)5) 5)12) ]
太好了--->[5)20) ]
贪婪--->[4)26) ]
谈及--->[10)33) ]
探讨--->[1)29) 5)29) ]
叹为观止--->[4)14) ]
唐钧--->[5)14) ]
唐梦--->[6)23) ]
讨论--->[5)31) ]
特--->[1)34) ]
特别--->[6)18) ]
特色--->[7)19) ]
特使--->[1)43) ]
特许权--->[5)18) ]
提--->[10)27) ]
提出--->[5)25) 7)30) ]
提到--->[4)14) ]
提高--->[5)16) 7)15) ]
提供--->[4)16) 7)31) 10)16) ]
体系--->[7)15) ]
体现--->[5)16) ]
体制--->[1)39) ]
天--->[5)21) ]
天津财经大学--->[5)25) ]
天气--->[8)20) ]
挑--->[10)36) ]
铁杆--->[10)26) ]
铁路--->[10)17) ]
听听--->[10)8) ]
停产--->[8)21) ]
挺--->[5)14) ]
通报--->[4)19) 8)18) ]
通知--->[4)24) 8)19) ]
同期--->[5)24) ]
统筹--->[5)19) 7)16) ]
统一--->[5)23) 7)30) ]
痛点--->[7)23) ]
投票--->[1)12) 9)24) ]
投资--->[1)40) 2)17) 3)25) 4)21) 10)23) ]
透明--->[1)40) ]
图--->[5)19) 6)7) 10)30) ]
土地--->[4)19) ]
土地管理法--->[4)16) ]
推动--->[1)41) 9)9) 10)30) ]
推进--->[1)29) 7)11) ]
推向--->[7)12) ]
推销--->[2)13) ]
退出--->[8)13) ]
脱离--->[10)27) ]
外长--->[1)24) ]
外交部--->[1)8) 3)17) 9)22) ]
外交部长--->[1)25) ]
外流--->[2)16) ]
外面--->[2)38) ]
外形--->[10)22) ]
完善--->[7)23) ]
万--->[2)13) 5)26) 6)12) 10)31) ]
万斤--->[2)38) ]
万岁--->[10)29) ]
万条--->[5)21) ]
万元--->[4)29) 6)17) ]
万元以上--->[5)13) ]
王长勇--->[5)27) ]
王传红--->[4)12) ]
王毅--->[1)27) ]
王勇--->[7)17) ]
网络--->[10)26) ]
网友--->[10)30) ]
网站--->[8)17) 10)14) ]
微信--->[4)9) ]
危险--->[8)25) ]
危险性--->[8)15) ]
韦森--->[5)28) ]
违法--->[6)14) 8)15) ]
违反--->[4)14) ]
违规--->[8)16) ]
为基础--->[1)39) ]
维护--->[1)36) 3)12) ]
维文--->[1)19) ]
委--->[6)6) ]
未--->[8)20) ]
未来--->[1)39) 2)15) 5)26) ]
位--->[4)14) 5)32) 10)28) ]
文件--->[7)26) ]
文章--->[10)13) ]
稳定--->[1)26) 3)28) 9)11) 10)36) ]
稳妥--->[7)32) ]
问--->[1)25) 3)20) ]
问到--->[9)29) ]
我俩--->[5)18) ]
无论谁--->[10)17) ]
芜湖市--->[4)22) ]
芜湖市委--->[4)26) ]
吴金明--->[2)23) 4)20) 6)12) ]
物--->[8)26) ]
物价--->[5)20) ]
物价水平--->[5)20) ]
物业费--->[5)16) ]
务实--->[1)33) ]
吸取--->[8)21) ]
希望--->[1)30) 3)13) 9)9) 10)19) ]
习近平--->[1)36) 7)16) ]
系--->[4)11) ]
系列--->[1)31) ]
系数--->[5)20) ]
下午--->[10)19) ]
厦门市--->[4)9) ]
先进经验--->[1)30) ]
现场--->[8)28) ]
现代化--->[7)16) ]
现任--->[1)26) ]
现象--->[2)21) ]
现状--->[10)15) ]
陷入--->[2)6) ]
相比--->[2)12) ]
相关--->[3)18) 4)13) 8)9) ]
香港--->[10)16) ]
想--->[4)20) ]
想要--->[10)35) ]
项--->[4)30) 5)21) ]
项目--->[4)18) 10)27) ]
向心力--->[1)34) ]
销量--->[2)21) ]
销售--->[2)20) ]
消费--->[5)15) ]
消费量--->[2)20) ]
消费性--->[5)17) ]
消息--->[6)10) 8)18) ]
小组--->[7)16) ]
效仿--->[10)19) ]
效率--->[5)17) ]
效应--->[10)25) ]
协调--->[1)32) 7)16) ]
协会会长--->[2)31) ]
写道--->[10)31) ]
写有--->[10)31) ]
泄露--->[4)14) ]
薪金--->[5)15) ]
薪水--->[2)4) ]
欣喜--->[10)30) ]
新--->[1)27) 10)11) ]
新方--->[1)36) ]
新华社--->[7)13) ]
新纪录--->[4)8) ]
新加坡--->[1)25) ]
新时代--->[7)17) ]
新台币--->[2)45) ]
新兴--->[1)33) ]
新政府--->[1)26) 10)27) ]
心理--->[5)17) ]
信号--->[1)40) ]
信守--->[1)40) ]
信息--->[4)16) 7)38) 10)25) ]
信息技术--->[7)13) ]
刑--->[6)7) ]
形势--->[3)36) ]
兄弟--->[10)10) ]
修订--->[5)13) ]
修正--->[5)12) ]
修正案--->[5)16) ]
需求量--->[2)39) ]
许建国--->[5)31) ]
许诺--->[10)14) ]
宣判--->[4)14) 6)10) ]
宣言--->[1)29) ]
选--->[10)24) ]
选举--->[1)13) 9)8) ]
选择--->[1)30) 5)23) 9)11) ]
学--->[2)13) ]
学界--->[5)28) ]
学生--->[2)10) ]
学习--->[7)14) 10)24) ]
学者--->[5)23) ]
寻求--->[1)34) ]
巡查--->[8)22) ]
汛期--->[8)17) ]
压力--->[5)14) ]
亚洲--->[1)24) ]
烟花爆竹--->[8)17) ]
烟台--->[3)7) ]
严防--->[8)24) ]
严格控制--->[8)27) ]
严格执行--->[8)21) ]
严肃--->[8)23) ]
研究所--->[5)24) ]
研究员--->[5)13) ]
演讲--->[10)27) ]
验收--->[8)18) ]
验收关--->[8)19) ]
邀请--->[1)19) ]
药--->[8)19) ]
药物--->[8)24) ]
一半--->[5)17) ]
一部分--->[5)14) ]
一大--->[4)12) 5)14) ]
一带--->[1)39) ]
一道--->[1)44) 10)28) ]
一贯性--->[10)14) ]
一家--->[3)7) ]
一路--->[1)40) ]
一审--->[4)12) 6)5) ]
一味--->[5)17) ]
一系列--->[10)23) ]
一线--->[7)36) ]
医疗--->[5)19) ]
医院--->[10)18) ]
依法--->[8)21) ]
伊姆兰--->[1)34) 10)21) ]
遗留--->[8)14) ]
疑问--->[5)31) ]
已是--->[2)12) ]
亿--->[2)18) 4)9) ]
亿元--->[4)16) ]
臆测--->[10)17) ]
意见--->[1)46) 5)22) ]
意愿--->[1)27) ]
义华--->[5)27) ]
益丰--->[2)36) ]
议会--->[1)37) ]
议事--->[4)15) ]
因素--->[5)23) ]
引进--->[2)40) 4)8) ]
引入--->[5)17) ]
引用--->[10)17) ]
印度--->[1)36) ]
英国--->[10)21) ]
英国广播公司--->[10)13) ]
英俊--->[10)23) ]
英媒--->[10)18) ]
应--->[1)15) 5)20) ]
应对--->[1)32) ]
应急--->[8)17) ]
营利--->[4)19) ]
营商--->[7)19) ]
迎合--->[10)20) ]
赢得--->[1)35) 10)15) ]
影响--->[4)17) 10)11) ]
拥护--->[10)19) ]
永远--->[10)24) ]
勇气--->[7)16) ]
用于--->[3)11) 5)21) ]
优化--->[7)26) ]
优惠--->[5)28) ]
优势--->[2)17) ]
有期徒刑--->[6)8) ]
有人--->[1)35) 2)14) 9)12) 10)9) ]
有望--->[10)17) ]
有限公司--->[8)10) ]
有效性--->[7)29) ]
有序--->[7)33) ]
友好--->[1)26) 10)16) ]
友好关系--->[10)18) ]
友谊--->[1)49) 10)28) ]
余--->[4)8) ]
予以--->[6)16) ]
予以考虑--->[6)17) ]
与时俱进--->[1)50) ]
预案--->[8)21) ]
预警--->[8)21) ]
预期--->[5)18) 7)32) ]
预祝--->[1)36) 9)16) ]
元--->[2)43) 4)9) 5)20) ]
原--->[1)1) 2)1) 3)1) 4)4) 5)1) 6)4) 7)1) 8)2) 9)1) 10)1) ]
原则--->[4)27) ]
园--->[2)35) ]
愿--->[10)25) ]
院--->[4)11) ]
约--->[2)40) ]
约翰内斯堡--->[1)29) ]
越高--->[5)24) ]
越好--->[5)25) ]
月--->[5)21) ]
月均--->[5)16) ]
月薪--->[5)25) ]
云南省委--->[4)12) ]
运动--->[1)19) ]
栽种--->[2)17) ]
再考虑--->[5)25) ]
再往--->[5)16) ]
在发言中--->[1)38) ]
在内--->[5)20) ]
赞--->[10)24) ]
责任--->[3)10) 8)31) ]
责任编辑--->[2)22) 3)31) 4)19) 5)24) 6)11) 7)40) 8)32) 9)20) 10)24) ]
择期--->[4)13) ]
怎么说--->[10)13) ]
增长--->[5)23) ]
增加--->[10)30) ]
扎实--->[8)30) ]
展现出--->[1)41) ]
战略--->[1)33) 3)6) 10)35) ]
站--->[4)10) ]
张--->[5)26) ]
涨到--->[2)42) ]
丈夫--->[5)15) ]
招募--->[2)7) ]
兆瓦--->[10)32) ]
折合--->[2)44) 4)19) ]
这场--->[10)33) ]
这段--->[4)20) ]
这位--->[4)32) ]
真--->[5)17) ]
真诚--->[1)27) ]
真实--->[7)21) ]
针对性--->[7)29) ]
征管--->[5)16) ]
征求意见--->[5)19) ]
征收--->[5)18) ]
征税--->[5)21) ]
正--->[2)23) ]
正能量--->[3)12) ]
正文--->[5)31) ]
正义--->[1)18) ]
政--->[4)8) ]
政策--->[2)18) ]
政党政治--->[10)14) ]
政府--->[1)28) 5)23) 7)16) ]
政府职能--->[7)14) ]
政客--->[10)13) ]
政坛--->[10)19) ]
政治--->[1)29) 4)31) 9)9) 10)19) ]
支撑--->[7)32) ]
支持--->[1)36) 5)22) 9)15) 10)23) ]
支出--->[5)20) ]
知情--->[4)15) ]
之争--->[5)8) ]
职工--->[5)19) ]
职工收入--->[5)19) ]
职务--->[4)16) 6)12) ]
直至--->[1)33) 9)15) ]
执法人员--->[7)16) ]
执行--->[5)25) ]
指--->[10)19) ]
指出--->[8)18) 10)19) ]
指导--->[7)20) ]
指控--->[4)10) ]
指手画脚--->[10)15) ]
旨在--->[1)27) ]
至少--->[5)20) ]
制定--->[8)20) ]
制度--->[3)29) ]
制造--->[8)9) ]
智慧--->[7)17) ]
质疑--->[2)17) ]
滞销--->[2)20) ]
治病--->[10)20) ]
治理--->[7)14) ]
中--->[2)9) 4)13) 5)13) 7)22) 9)7) 10)26) ]
中巴--->[1)30) 10)20) ]
中巴关系--->[1)38) 10)16) ]
中德关系--->[3)20) ]
中的--->[1)41) 9)11) ]
中都--->[1)13) 9)8) ]
中方--->[1)36) 3)18) 9)16) 10)24) ]
中共安徽省委--->[4)7) ]
中共中央政治局--->[7)20) ]
中国--->[1)27) 3)9) 7)18) 9)4) 10)26) ]
中国社会科学院社会学所--->[5)26) ]
中国外交部--->[10)12) ]
中国政法大学民商经济法学院--->[5)30) ]
中华人民共和国--->[4)15) ]
中马--->[1)25) ]
中南财经政法大学--->[5)25) ]
中企--->[3)5) ]
中日韩--->[1)24) ]
中新--->[1)26) 5)26) ]
中新网--->[5)21) 8)10) ]
中央纪委--->[4)17) ]
终身--->[4)12) ]
种植--->[2)39) ]
重点--->[1)35) 5)18) 7)30) ]
重申--->[1)35) ]
重视--->[1)42) ]
重要性--->[1)34) ]
周永康--->[4)9) ]
主持--->[1)11) 3)23) 7)19) 9)25) ]
主任--->[4)17) ]
主任委员--->[6)4) ]
主席--->[1)37) ]
主席国--->[1)27) ]
主义--->[1)36) 3)14) ]
助力--->[3)25) ]
住--->[8)20) ]
住房--->[5)22) ]
住房贷款--->[5)18) ]
注入--->[3)11) ]
注意到--->[3)18) 10)31) ]
驻--->[10)19) ]
专家--->[5)32) ]
专题组--->[7)13) ]
专项--->[5)12) ]
撰文--->[4)10) ]
追缴--->[6)17) ]
追究--->[8)24) ]
酌情--->[6)16) ]
资料--->[4)15) 5)18) 6)6) ]
资源配置--->[7)20) ]
子女--->[5)21) ]
子女教育--->[5)14) ]
自我--->[7)16) ]
自行决定--->[5)25) ]
自由化--->[1)41) ]
自由贸易--->[1)37) 3)12) ]
自主--->[1)29) 9)10) ]
综合--->[5)17) 9)15) ]
综合执法--->[7)10) ]
总额--->[5)22) ]
总经理--->[4)19) ]
总理--->[1)42) 10)14) ]
总领事--->[10)17) ]
总体--->[5)19) ]
总统--->[1)35) ]
纵深--->[7)13) ]
走廊--->[1)36) 10)17) ]
租金--->[5)21) ]
组--->[7)36) ]
组长--->[7)13) ]
组织--->[4)14) ]
最多--->[4)4) ]
罪--->[4)12) ]
罪名--->[4)11) ]
遵守--->[1)43) ]
昨天--->[1)29) ]
做--->[2)20) 5)15) ]
做出--->[5)24) ]
做好--->[8)16) ]
作出--->[6)20) ]
作用--->[1)45) 3)31) 7)25) 9)19) ]
丨--->[10)4) ]
